0S,0C
30915865 2243
5913 1
1189 1
1297 1
5764 1
1252 1
5856 1
6546 1
5470 1
827 1
812 1
5901 1
6382 1
797 1
785 1
757 1
777 1
763 1
747 1
5626 1
767 1
1374 1
771 1
5898 1
800 1
5406 1
817 1
6081 1
6012 1
6209 1
6480 1
6614 1
777 1
788 1
726 1
786 1
5947 1
791 1
5750 1
5794 1
798 1
781 1
5788 1
769 1
760 1
795 1
769 1
781 1
5712 1
814 1
774 1
743 1
754 1
817 1
6258 1
755 1
803 1
6246 1
785 1
5603 1
5334 1
1391 1
773 1
6106 1
5718 1
1600 1
770 1
801 1
5669 1
6411 1
5942 1
5678 1
5465 1
734 1
817 1
801 1
800 1
5842 1
780 1
5650 1
5760 1
6246 1
768 1
801 1
5369 1
5834 1
781 1
861 1
6604 1
804 1
5950 1
760 1
763 1
6538 1
6746 1
5553 1
796 1
764 1
760 1
6759 1
58521 1
797 1
5585 1
6243 1
773 1
6358 1
759 1
732 1
781 1
6491 1
6747 1
762 1
850 1
790 1
5736 1
6148 1
769 1
1527 1
784 1
7102 1
827 1
1410 1
6259 1
926 1
5842 1
808 1
5401 1
844 1
5402 1
5566 1
802 1
785 1
785 1
46461 1
815 1
7040 1
6937 1
789 1
7032 1
2528 1
7070 1
7311 1
2248 1
2479 1
1517 1
7359 1
1564 1
2224 1
7743 1
1665 1
2236 1
697 1
6530 1
7174 1
724 1
746 1
6623 1
4695 1
4754 1
726 1
7073 1
6923 1
6850 1
4644 1
761 1
7248 1
7506 1
7344 1
4867 1
4887 1
733 1
7128 1
844 1
4596 1
7687 1
6572 1
4664 1
4469 1
4486 1
5051 1
4651 1
4798 1
4702 1
4782 1
4598 1
4948 1
4763 1
4495 1
4578 1
5222 1
4584 1
4471 1
4781 1
5291 1
4992 1
683 1
799 1
4529 1
4354 1
4100 1
4564 1
756 1
4745 1
4532 1
4627 1
4525 1
4474 1
736 1
4458 1
4788 1
741 1
4427 1
5280 1
4439 1
1151 1
1007 1
941 1
1006 1
700 1
991 1
1015 1
4815 1
1020 1
5371 1
1030 1
983 1
4573 1
4999 1
4994 1
4776 1
4764 1
4685 1
799 1
1010 1
963 1
4519 1
5051 1
4581 1
987 1
4690 1
965 1
1089 1
773 1
779 1
977 1
5348 1
4608 1
717 1
673 1
7756 1
5012 1
4531 1
731 1
3825 1
4627 1
3871 1
4854 1
1042 1
1011 1
942 1
2546 1
945 1
2523 1
984 1
956 1
1010 1
2514 1
2565 1
2464 1
2519 1
910 1
937 1
2551 1
945 1
2551 1
929 1
919 1
2546 1
2552 1
6313 1
809 1
818 1
6944 1
5350 1
676 1
977 1
5391 1
5683 1
7480 1
2934 1
8083 1
2921 1
7351 1
7502 1
2885 1
2868 1
871 1
7467 1
800 1
7699 1
7751 1
2910 1
8197 1
2911 1
7914 1
5637 1
2787 1
1187 1
3021 1
2773 1
6367 1
831 1
3040 1
2830 1
3089 1
2733 1
952 1
803 1
6828 1
3009 1
2820 1
2862 1
2691 1
3038 1
2688 1
823 1
2633 1
2687 1
2674 1
2788 1
3285 1
3355 1
3353 1
2678 1
3349 1
2606 1
3326 1
2836 1
2814 1
2718 1
2690 1
3789 1
3807 1
1041 1
2794 1
2802 1
1072 1
3828 1
1075 1
2768 1
1759 1
713 1
716 1
3164 1
1743 1
1745 1
735 1
2787 1
1725 1
2782 1
2809 1
3150 1
1764 1
2803 1
2784 1
3641 1
3349 1
2222 1
2222 1
2195 1
2201 1
2815 1
2762 1
2781 1
2732 1
3121 1
2811 1
3187 1
2764 1
2737 1
2755 1
1341 1
1336 1
2232 1
2808 1
3162 1
2630 1
5258 1
2820 1
4787 1
4233 1
4150 1
3338 1
2782 1
5433 1
4636 1
3299 1
4433 1
3328 1
4130 1
2831 1
2869 1
2869 1
2521 1
4866 1
3036 1
2992 1
2488 1
994 1
4045 1
4090 1
3024 1
1140 1
2488 1
2510 1
2902 1
2989 1
969 1
1049 1
3094 1
2562 1
2518 1
2975 1
3413 1
3360 1
3049 1
3414 1
1437 1
1484 1
3396 1
1564 1
3643 1
3691 1
3649 1
1444 1
1520 1
3377 1
3437 1
3607 1
3206 1
3364 1
3620 1
3370 1
3635 1
3213 1
3403 1
3188 1
3632 1
3223 1
3374 1
3401 1
4022 1
4019 1
3402 1
3381 1
3380 1
3475 1
4066 1
3345 1
3323 1
3370 1
3996 1
3372 1
4043 1
4078 1
3381 1
3381 1
3987 1
4183 1
4509 1
4228 1
4137 1
4286 1
4073 1
4153 1
4289 1
3597 1
3635 1
3649 1
3567 1
4175 1
4248 1
4186 1
3597 1
4238 1
4160 1
1582 1
4227 1
1600 1
1588 1
5089 1
1608 1
1580 1
1643 1
5158 1
1596 1
5170 1
1633 1
3756 1
5156 1
2513 1
2539 1
3723 1
2470 1
994 1
977 1
2984 1
3722 1
2989 1
3057 1
2524 1
2556 1
3029 1
3738 1
2935 1
2543 1
1751 1
1785 1
1784 1
1774 1
4314 1
4349 1
2489 1
1804 1
1806 1
1779 1
4335 1
1785 1
4348 1
1793 1
4292 1
2459 1
4323 1
3241 1
2448 1
2413 1
4322 1
3356 1
4326 1
3240 1
